c52_1.txt;9779.2;12.582;9755.4;2.986;;115.0;15.568
c52_2.txt;10186.4;22.697;10186.4;12.133;;71.0;34.83
c52_3.txt;9347.8;7.056;9347.8;2.226;;1.0;9.282
c52_4.txt;10400.6;23.065;10372.0;11.096;;63.0;34.161
c52_5.txt;11119.0;15.544;11119.0;5.299;;59.0;20.843
c52_6.txt;11016.5;13.575;11008.0;4.964;;66.0;18.539
c52_7.txt;10269.0;3.877;10269.0;2.046;;80.0;5.923
c52_8.txt;10565.5;5.694;10552.0;3.092;;67.0;8.786
c52_9.txt;11522.0;8.734;11520.8;3.825;;102.0;12.559
c52_10.txt;11626.8;11.04;11561.4;5.141;;79.0;16.181
c52_11.txt;11010.6;3.313;11010.6;1.976;;67.0;5.289
c52_12.txt;11296.0;4.958;11296.0;2.375;;42.0;7.333
c52_13.txt;18365.4;30.987;18307.4;12.83;;41.0;43.817
c52_14.txt;14416.0;11.519;14411.6;5.238;;41.0;16.756
c52_15.txt;17078.6;25.383;16949.4;10.613;;33.0;35.996
c52_16.txt;15802.4;23.01;15802.4;12.349;;121.0;35.359
c52_17.txt;18981.0;21.008;18981.0;11.025;;64.0;32.034
c52_18.txt;15962.0;10.79;15952.0;7.501;;69.0;18.291
c52_19.txt;17509.0;11.365;17503.5;4.381;;42.0;15.746
c52_20.txt;18151.5;20.537;18120.0;10.129;;55.0;30.666
c52_21.txt;19946.2;15.426;19931.0;6.389;;78.0;21.815
c52_22.txt;17112.6;11.418;17091.4;6.691;;65.0;18.109
c52_23.txt;17445.6;8.139;17425.4;3.894;;27.0;12.033
c52_24.txt;16815.6;9.689;16815.6;5.686;;47.0;15.375
c52_25.txt;51573.8;38.224;51477.0;17.472;;108.0;55.696
c52_26.txt;44612.6;40.762;44584.0;16.146;;166.0;56.908
c52_27.txt;47628.0;22.863;47569.0;11.084;;76.0;33.947
c52_28.txt;42573.0;20.996;42536.6;11.398;;95.0;32.395
c52_29.txt;50536.0;21.252;50536.0;9.201;;46.0;30.453
c52_30.txt;45728.0;30.694;45579.5;12.525;;61.0;43.219
c52_31.txt;61919.5;39.97;61914.5;11.399;;93.0;51.369
c52_32.txt;41612.5;14.998;41481.0;7.945;;50.0;22.943
c52_33.txt;53188.0;21.189;53054.8;10.796;;58.0;31.985
c52_34.txt;43022.4;23.456;43000.2;14.113;;31.0;37.569
c52_35.txt;56926.4;28.361;56899.8;17.85;;61.0;46.212
c52_36.txt;40407.4;13.429;40407.4;7.211;;51.0;20.64
c52_37.txt;13769.8;12.556;13751.6;10.399;;28.0;22.955
c52_38.txt;15469.0;19.852;15442.8;11.776;;35.0;31.628
c52_39.txt;12606.0;12.204;12592.6;3.459;;7.0;15.663
c52_40.txt;13823.8;12.915;13798.4;4.337;;1.0;17.252
c52_41.txt;13421.5;6.651;13402.5;3.131;;19.0;9.783
c52_42.txt;16235.5;13.661;16235.5;4.888;;52.0;18.548
c52_43.txt;13990.5;8.62;13975.0;2.971;;1.0;11.591
c52_44.txt;15751.0;12.162;15700.0;3.773;;27.0;15.936
c52_45.txt;14702.0;7.44;14655.8;3.146;;18.0;10.586
c52_46.txt;17320.8;9.382;17310.8;3.224;;30.0;12.606
c52_47.txt;14815.8;6.106;14815.8;1.829;;6.0;7.936
c52_48.txt;17338.8;8.899;17337.2;4.186;;32.0;13.085
c52_49.txt;20061.8;26.366;20033.6;15.394;;55.0;41.76
c52_50.txt;21985.6;28.772;21933.8;18.348;;107.0;47.12
c52_51.txt;23064.4;35.382;22963.4;14.027;;116.0;49.409
c52_52.txt;21415.6;22.66;21378.4;15.53;;72.0;38.19
c52_53.txt;20400.5;22.487;20399.0;5.287;;49.0;27.774
c52_54.txt;22261.5;23.706;22261.5;16.345;;141.0;40.051
c52_55.txt;20192.0;19.247;20122.5;4.85;;36.0;24.097
c52_56.txt;21059.5;17.4;21059.5;9.108;;80.0;26.509
c52_57.txt;23950.0;23.687;23940.4;6.475;;77.0;30.162
c52_58.txt;24003.8;22.499;23936.6;13.935;;53.0;36.434
c52_59.txt;22237.0;17.757;22197.0;7.37;;69.0;25.127
c52_60.txt;22611.4;24.71;22549.8;8.327;;27.0;33.037
c52_61.txt;56642.6;55.623;56621.2;13.163;;81.0;68.786
c52_62.txt;45695.0;63.994;45556.2;19.603;;75.0;83.597
c52_63.txt;50993.2;65.715;50693.8;21.327;;57.0;87.042
c52_64.txt;50336.2;103.344;50336.2;30.784;;55.0;134.128
c52_65.txt;62299.0;66.768;62275.0;29.85;;21.0;96.619
c52_66.txt;49085.0;72.029;48941.5;33.262;;77.0;105.29
c52_67.txt;58122.0;58.939;58110.0;20.825;;2566.0;79.764
c52_68.txt;47082.0;57.823;47081.0;20.99;;24.0;78.813
c52_69.txt;58913.6;49.126;58913.6;18.183;;136.0;67.309
c52_70.txt;47778.2;46.364;47631.4;17.848;;81.0;64.212
c52_71.txt;61331.2;40.864;61223.0;13.483;;51.0;54.347
c52_72.txt;48582.0;49.717;48397.8;21.771;;37.0;71.488
c52_73.txt;16932.6;2.187;16923.6;1.401;;129.0;3.588
c52_74.txt;22493.8;2.973;22493.8;1.439;;27.0;4.413
c52_75.txt;17905.8;2.443;17905.8;1.271;;5.0;3.714
c52_76.txt;22717.8;2.565;22717.8;1.423;;4.0;3.988
c52_77.txt;26218.5;4.916;23991.0;2.997;;560.0;7.913
c52_78.txt;37613.5;13.13;34086.0;7.521;;14.0;20.652
c52_79.txt;25668.0;5.479;23348.5;2.692;;1.0;8.172
c52_80.txt;40924.0;10.096;37338.0;9.524;;1.0;19.62
c52_81.txt;26193.4;4.166;24902.8;2.424;;9.0;6.59
c52_82.txt;43699.0;23.436;41735.6;9.585;;13.0;33.021
c52_83.txt;33495.0;8.056;30097.0;5.304;;1.0;13.36
c52_84.txt;38606.4;8.729;37450.6;5.048;;1.0;13.777
c52_85.txt;28336.4;4.767;28188.4;3.242;;7.0;8.009
c52_86.txt;33937.8;11.335;33937.8;4.707;;1.0;16.042
c52_87.txt;27697.0;5.238;27593.8;3.578;;1.0;8.815
c52_88.txt;34623.0;8.869;34623.0;5.619;;1.0;14.488
c52_89.txt;36321.0;17.914;33884.0;6.969;;3.0;24.883
c52_90.txt;45815.0;26.336;42772.0;10.316;;3.0;36.652
c52_91.txt;36144.0;10.939;33725.0;6.387;;1.0;17.326
c52_92.txt;40117.0;16.012;39087.0;11.204;;11.0;27.216
c52_93.txt;41948.4;12.001;39773.0;10.054;;17.0;22.055
c52_94.txt;46038.2;24.488;45218.2;11.375;;31.0;35.863
c52_95.txt;36962.0;14.52;36034.6;7.134;;16.0;21.654
c52_96.txt;50855.6;26.121;49540.0;11.985;;24.0;38.106
c52_97.txt;66347.4;53.557;66347.4;12.665;;60.0;66.222
c52_98.txt;83480.2;65.265;83480.2;26.038;;211.0;91.302
c52_99.txt;75700.6;53.324;75518.4;27.432;;272.0;80.756
c52_100.txt;66672.2;45.672;66631.0;14.315;;52.0;59.987
c52_101.txt;73387.0;62.904;73369.5;22.837;;354.0;85.741
c52_102.txt;82371.0;63.458;81427.5;22.64;;134.0;86.098
c52_103.txt;72009.0;59.674;72009.0;22.73;;69.0;82.404
c52_104.txt;72897.5;44.925;72897.5;13.25;;266.0;58.175
c52_105.txt;71528.2;50.911;71382.6;23.473;;69.0;74.384
c52_106.txt;83922.8;43.264;83702.999;27.343;;48.0;70.607
c52_107.txt;64510.8;129.811;64067.8;20.147;;46.0;149.958
c52_108.txt;66912.6;54.042;66727.6;15.793;;41.0;69.834
