c52_1.txt;9796.8;4.128;9776.4;2.705;6.833
c52_2.txt;10204.6;5.362;10159.2;3.163;8.525
c52_3.txt;9413.8;3.888;9381.8;2.569;6.457
c52_4.txt;10400.2;5.4;10381.4;3.694;9.094
c52_5.txt;11243.5;4.51;11172.0;3.236;7.746
c52_6.txt;11044.5;4.639;11007.5;3.022;7.661
c52_7.txt;10272.5;3.684;10249.5;2.602;6.286
c52_8.txt;10583.5;3.582;10522.0;2.586;6.169
c52_9.txt;11572.6;4.068;11528.4;2.701;6.769
c52_10.txt;11729.4;3.71;11675.0;2.989;6.699
c52_11.txt;11010.6;3.436;11010.6;2.759;6.194
c52_12.txt;11353.8;3.487;11277.6;2.689;6.177
c52_13.txt;18465.4;7.219;18464.2;3.834;11.053
c52_14.txt;14544.0;4.943;14506.4;3.065;8.008
c52_15.txt;17109.8;6.265;17060.199;3.699;9.964
c52_16.txt;15945.8;7.053;15886.6;3.829;10.882
c52_17.txt;19168.5;6.66;19098.5;3.715;10.375
c52_18.txt;16073.5;5.423;16042.0;3.396;8.819
c52_19.txt;17653.5;5.644;17636.5;3.26;8.905
c52_20.txt;18056.0;6.51;18056.0;4.164;10.674
c52_21.txt;19861.0;6.554;19861.0;3.68;10.234
c52_22.txt;17242.0;5.322;17240.8;3.383;8.705
c52_23.txt;17445.6;4.588;17425.4;2.768;7.356
c52_24.txt;16959.6;4.894;16959.6;3.312;8.206
c52_25.txt;51788.0;9.645;51736.4;4.158;13.804
c52_26.txt;44632.8;10.582;44561.4;5.374;15.956
c52_27.txt;47627.2;9.033;47627.2;4.026;13.06
c52_28.txt;42541.8;9.928;42538.0;5.3;15.227
c52_29.txt;50608.0;8.539;50589.0;3.898;12.437
c52_30.txt;45728.0;10.76;45581.5;5.756;16.516
c52_31.txt;62173.5;10.694;62004.5;5.234;15.928
c52_32.txt;41584.0;8.407;41566.0;4.195;12.602
c52_33.txt;53410.0;10.054;53202.4;3.858;13.912
c52_34.txt;42955.0;8.728;42955.0;5.043;13.771
c52_35.txt;57048.0;9.271;56979.6;4.725;13.996
c52_36.txt;40407.4;7.8;40407.4;4.225;12.026
c52_37.txt;14314.2;6.642;13960.8;3.07;9.712
c52_38.txt;15656.4;7.68;15470.0;3.566;11.246
c52_39.txt;12686.6;4.786;12603.4;2.684;7.47
c52_40.txt;13873.4;5.41;13799.8;2.767;8.177
c52_41.txt;13479.5;3.854;13427.0;2.579;6.434
c52_42.txt;16206.0;5.298;16170.0;2.838;8.137
c52_43.txt;14012.0;4.176;14008.5;2.57;6.747
c52_44.txt;15775.5;4.615;15775.5;2.872;7.487
c52_45.txt;14630.4;3.484;14630.4;2.513;5.997
c52_46.txt;17459.4;4.777;17432.4;3.07;7.847
c52_47.txt;14848.0;3.436;14845.0;2.549;5.985
c52_48.txt;17442.6;5.284;17442.6;3.172;8.456
c52_49.txt;20276.6;6.823;20134.6;2.919;9.742
c52_50.txt;21962.8;10.598;21902.2;4.452;15.05
c52_51.txt;23109.2;9.406;23060.4;3.991;13.397
c52_52.txt;21753.8;10.924;21710.2;4.241;15.166
c52_53.txt;20355.5;5.501;20327.0;2.703;8.204
c52_54.txt;22638.5;8.469;22604.5;4.114;12.583
c52_55.txt;20244.0;5.617;20192.0;2.715;8.331
c52_56.txt;21111.0;6.677;20939.0;3.347;10.024
c52_57.txt;24002.4;7.701;23943.0;3.346;11.047
c52_58.txt;24410.6;8.741;24119.6;4.131;12.872
c52_59.txt;22167.4;5.944;22144.8;2.945;8.889
c52_60.txt;22564.8;5.886;22549.8;3.303;9.189
c52_61.txt;56597.4;12.245;56597.4;4.154;16.399
c52_62.txt;45832.8;10.34;45782.0;3.843;14.183
c52_63.txt;50670.6;9.879;50669.2;3.743;13.622
c52_64.txt;50457.0;13.669;50370.4;5.065;18.734
c52_65.txt;62601.0;11.605;62414.0;4.617;16.222
c52_66.txt;49349.0;10.719;49349.0;4.741;15.46
c52_67.txt;58303.0;10.986;58207.5;4.411;15.397
c52_68.txt;47203.5;10.227;47106.0;4.016;14.242
c52_69.txt;59223.8;10.608;58935.6;4.472;15.08
c52_70.txt;48232.2;10.374;48232.2;4.392;14.765
c52_71.txt;61937.6;10.473;61598.4;4.627;15.1
c52_72.txt;48390.8;10.071;48390.8;4.551;14.622
c52_73.txt;17040.6;3.746;16992.6;2.405;6.151
c52_74.txt;22569.8;3.897;22503.8;2.222;6.119
c52_75.txt;17905.8;3.579;17905.8;2.093;5.673
c52_76.txt;22782.8;3.835;22717.8;2.238;6.073
c52_77.txt;29304.5;3.788;23991.0;3.002;6.79
c52_78.txt;40716.5;5.827;34639.0;3.409;9.236
c52_79.txt;30069.5;3.578;23361.5;2.41;5.988
c52_80.txt;43363.0;5.644;37338.0;3.852;9.496
c52_81.txt;31631.6;4.889;26018.6;2.592;7.482
c52_82.txt;52459.4;8.344;41746.6;3.85;12.194
c52_83.txt;41832.0;4.854;30799.4;3.356;8.211
c52_84.txt;46481.4;7.68;38027.4;3.279;10.959
c52_85.txt;28442.4;4.206;28442.4;2.735;6.941
c52_86.txt;34000.8;5.391;33886.8;2.939;8.331
c52_87.txt;27910.0;4.25;27648.2;2.626;6.875
c52_88.txt;34643.0;5.211;34623.0;2.817;8.029
c52_89.txt;39714.0;4.881;34068.5;3.26;8.14
c52_90.txt;50059.0;9.112;42922.0;3.655;12.767
c52_91.txt;40293.0;5.049;33227.0;2.975;8.024
c52_92.txt;46157.0;7.417;39499.0;3.168;10.585
c52_93.txt;50757.2;6.927;41206.6;3.421;10.348
c52_94.txt;52914.4;11.727;45218.2;3.925;15.651
c52_95.txt;43901.0;7.263;36443.8;3.066;10.329
c52_96.txt;59442.0;11.521;50288.0;4.391;15.913
c52_97.txt;66850.2;15.176;66347.4;3.974;19.15
c52_98.txt;83839.4;26.972;83658.8;6.808;33.781
c52_99.txt;74822.4;20.775;74450.8;4.622;25.397
c52_100.txt;66840.4;20.354;66762.8;4.015;24.368
c52_101.txt;73637.5;14.932;73198.0;3.86;18.792
c52_102.txt;82390.5;25.775;82293.0;5.217;30.992
c52_103.txt;72009.0;16.839;72009.0;3.86;20.7
c52_104.txt;72897.5;20.083;72897.5;3.985;24.069
c52_105.txt;71415.8;14.286;71363.0;3.794;18.08
c52_106.txt;84083.0;24.308;83903.2;5.269;29.577
c52_107.txt;64242.8;11.779;64197.0;3.133;14.912
c52_108.txt;67209.8;15.84;67104.0;3.677;19.518
