c52_1.txt;9796.8;4.276;9776.4;2.764;7.04
c52_2.txt;10204.6;5.61;10159.2;3.312;8.922
c52_3.txt;9413.8;3.908;9381.8;2.625;6.533
c52_4.txt;10400.2;5.415;10381.4;3.638;9.053
c52_5.txt;11243.5;4.512;11172.0;3.093;7.605
c52_6.txt;11044.5;4.161;11007.5;2.992;7.153
c52_7.txt;10272.5;3.483;10249.5;2.409;5.892
c52_8.txt;10583.5;3.493;10522.0;2.514;6.007
c52_9.txt;11572.6;3.939;11528.4;2.653;6.593
c52_10.txt;11729.4;3.708;11675.0;2.99;6.698
c52_11.txt;11010.6;3.492;11010.6;2.651;6.144
c52_12.txt;11353.8;3.519;11277.6;2.74;6.259
c52_13.txt;18465.4;7.055;18464.2;4.014;11.069
c52_14.txt;14544.0;5.131;14506.4;3.072;8.203
c52_15.txt;17109.8;5.792;17060.199;3.333;9.126
c52_16.txt;15945.8;6.781;15886.6;3.691;10.472
c52_17.txt;19168.5;6.89;19098.5;3.884;10.774
c52_18.txt;16073.5;5.398;16042.0;3.51;8.908
c52_19.txt;17653.5;5.658;17636.5;3.371;9.029
c52_20.txt;18056.0;6.604;18056.0;4.179;10.783
c52_21.txt;19861.0;6.326;19861.0;3.473;9.799
c52_22.txt;17242.0;5.555;17240.8;3.548;9.103
c52_23.txt;17445.6;4.674;17425.4;2.792;7.466
c52_24.txt;16959.6;4.88;16959.6;3.166;8.046
c52_25.txt;51788.0;9.409;51736.4;4.038;13.448
c52_26.txt;44632.8;10.498;44561.4;5.167;15.665
c52_27.txt;47627.2;8.406;47627.2;3.828;12.234
c52_28.txt;42541.8;10.411;42538.0;5.349;15.76
c52_29.txt;50608.0;8.477;50589.0;3.869;12.347
c52_30.txt;45728.0;10.022;45581.5;5.603;15.625
c52_31.txt;62173.5;10.47;62004.5;5.192;15.662
c52_32.txt;41584.0;8.371;41566.0;4.095;12.466
c52_33.txt;53410.0;9.545;53202.4;3.67;13.215
c52_34.txt;42955.0;8.666;42955.0;4.988;13.654
c52_35.txt;57048.0;8.64;56979.6;4.609;13.249
c52_36.txt;40407.4;7.706;40407.4;4.195;11.901
c52_37.txt;14314.2;6.799;13960.8;3.11;9.909
c52_38.txt;15656.4;7.597;15470.0;3.45;11.047
c52_39.txt;12686.6;4.877;12603.4;2.731;7.608
c52_40.txt;13873.4;5.355;13799.8;2.734;8.089
c52_41.txt;13479.5;3.76;13427.0;2.577;6.338
c52_42.txt;16206.0;5.144;16170.0;2.768;7.911
c52_43.txt;14012.0;4.106;14008.5;2.499;6.605
c52_44.txt;15775.5;4.733;15775.5;2.915;7.648
c52_45.txt;14630.4;3.471;14630.4;2.49;5.962
c52_46.txt;17459.4;4.807;17432.4;3.01;7.817
c52_47.txt;14848.0;3.556;14845.0;2.569;6.124
c52_48.txt;17442.6;5.202;17442.6;3.128;8.33
c52_49.txt;20276.6;6.693;20134.6;2.834;9.527
c52_50.txt;21962.8;10.507;21902.2;4.406;14.913
c52_51.txt;23109.2;9.261;23060.4;3.837;13.099
c52_52.txt;21753.8;10.997;21710.2;4.271;15.268
c52_53.txt;20355.5;5.112;20327.0;2.638;7.75
c52_54.txt;22638.5;8.656;22604.5;4.139;12.795
c52_55.txt;20244.0;5.491;20192.0;2.549;8.04
c52_56.txt;21111.0;6.277;20939.0;3.147;9.424
c52_57.txt;24002.4;7.673;23943.0;3.306;10.979
c52_58.txt;24410.6;8.798;24119.6;4.224;13.022
c52_59.txt;22167.4;5.767;22144.8;2.961;8.729
c52_60.txt;22564.8;6.086;22549.8;3.368;9.455
c52_61.txt;56597.4;12.2;56597.4;4.025;16.225
c52_62.txt;45832.8;10.065;45782.0;3.754;13.819
c52_63.txt;50670.6;10.212;50669.2;3.7;13.912
c52_64.txt;50457.0;13.183;50370.4;5.041;18.224
c52_65.txt;62601.0;11.622;62414.0;4.538;16.16
c52_66.txt;49349.0;10.469;49349.0;4.689;15.159
c52_67.txt;58303.0;10.135;58207.5;4.155;14.291
c52_68.txt;47203.5;10.196;47106.0;4.037;14.233
c52_69.txt;59223.8;9.398;58935.6;4.11;13.508
c52_70.txt;48232.2;10.064;48232.2;4.209;14.274
c52_71.txt;61937.6;10.122;61598.4;4.533;14.655
c52_72.txt;48390.8;10.554;48390.8;4.591;15.145
c52_73.txt;17040.6;3.493;16992.6;2.307;5.8
c52_74.txt;22569.8;3.874;22503.8;2.189;6.063
c52_75.txt;17905.8;3.526;17905.8;2.079;5.605
c52_76.txt;22782.8;3.834;22717.8;2.239;6.072
c52_77.txt;29304.5;3.789;23991.0;2.814;6.603
c52_78.txt;40716.5;5.838;34639.0;3.472;9.31
c52_79.txt;30069.5;3.505;23361.5;2.376;5.882
c52_80.txt;43363.0;5.664;37338.0;3.565;9.229
c52_81.txt;31631.6;4.779;26018.6;2.54;7.319
c52_82.txt;52459.4;8.612;41746.6;3.913;12.526
c52_83.txt;41832.0;4.895;30799.4;3.295;8.19
c52_84.txt;46481.4;7.798;38027.4;3.272;11.07
c52_85.txt;28442.4;4.377;28442.4;2.799;7.176
c52_86.txt;34000.8;5.269;33886.8;2.888;8.157
c52_87.txt;27910.0;4.392;27648.2;2.701;7.093
c52_88.txt;34643.0;5.35;34623.0;2.84;8.19
c52_89.txt;39714.0;4.88;34068.5;3.269;8.15
c52_90.txt;50059.0;9.544;42922.0;3.809;13.353
c52_91.txt;40293.0;5.164;33227.0;2.988;8.151
c52_92.txt;46157.0;7.741;39499.0;3.27;11.011
c52_93.txt;50757.2;6.726;41206.6;3.315;10.041
c52_94.txt;52914.4;11.428;45218.2;3.727;15.155
c52_95.txt;43901.0;7.225;36443.8;3.039;10.264
c52_96.txt;59442.0;11.569;50288.0;4.419;15.988
c52_97.txt;66850.2;14.939;66347.4;3.418;18.357
c52_98.txt;83839.4;26.622;83658.8;6.187;32.809
c52_99.txt;74822.4;18.793;74450.8;4.396;23.189
c52_100.txt;66840.4;20.249;66762.8;4.069;24.318
c52_101.txt;73637.5;15.303;73198.0;3.843;19.146
c52_102.txt;82390.5;24.695;82293.0;5.034;29.729
c52_103.txt;72009.0;17.152;72009.0;3.85;21.002
c52_104.txt;72897.5;20.317;72897.5;4.135;24.452
c52_105.txt;71415.8;14.641;71363.0;3.877;18.518
c52_106.txt;84083.0;24.909;83903.2;5.707;30.616
c52_107.txt;64242.8;11.855;64197.0;3.125;14.98
c52_108.txt;67209.8;15.973;67104.0;3.68;19.654
