c52_1.txt;9779.2;6.383;9755.4;2.326;8.709
c52_2.txt;10186.4;12.626;10186.4;5.785;18.412
c52_3.txt;9347.8;6.301;9347.8;2.398;8.7
c52_4.txt;10400.6;10.561;10372.0;4.086;14.647
c52_5.txt;11119.0;8.928;11119.0;3.416;12.344
c52_6.txt;11016.5;8.683;11008.0;3.96;12.643
c52_7.txt;10269.0;4.032;10269.0;2.232;6.263
c52_8.txt;10565.5;5.662;10552.0;2.644;8.306
c52_9.txt;11522.0;6.005;11520.8;2.739;8.743
c52_10.txt;11626.8;8.58;11561.4;3.916;12.496
c52_11.txt;11010.6;4.16;11010.6;2.069;6.229
c52_12.txt;11296.0;5.761;11296.0;2.567;8.328
c52_13.txt;18365.4;21.043;18307.4;9.275;30.318
c52_14.txt;14416.0;11.871;14411.6;4.767;16.637
c52_15.txt;17078.6;17.383;16949.4;6.424;23.808
c52_16.txt;15802.4;13.102;15802.4;8.492;21.594
c52_17.txt;18981.0;18.131;18981.0;8.036;26.167
c52_18.txt;15962.0;12.815;15952.0;5.438;18.253
c52_19.txt;17509.0;12.026;17503.5;3.764;15.79
c52_20.txt;18151.5;16.871;18120.0;6.352;23.223
c52_21.txt;19946.2;12.929;19931.0;5.68;18.609
c52_22.txt;17112.6;11.087;17091.4;5.795;16.882
c52_23.txt;17445.6;7.268;17425.4;2.98;10.248
c52_24.txt;16815.6;9.844;16815.6;5.714;15.558
c52_25.txt;51573.8;34.463;51477.0;23.401;57.864
c52_26.txt;44612.6;30.884;44584.0;14.807;45.691
c52_27.txt;47628.0;15.926;47569.0;9.641;25.567
c52_28.txt;42573.0;15.227;42536.6;10.822;26.049
c52_29.txt;50536.0;20.27;50536.0;8.911;29.182
c52_30.txt;45728.0;24.261;45579.5;10.245;34.506
c52_31.txt;61919.5;24.755;61914.5;8.311;33.066
c52_32.txt;41612.5;13.964;41481.0;7.574;21.538
c52_33.txt;53188.0;18.871;53054.8;8.486;27.357
c52_34.txt;43022.4;18.916;43000.2;11.133;30.05
c52_35.txt;56926.4;16.099;56899.8;10.627;26.726
c52_36.txt;40407.4;11.43;40407.4;5.393;16.823
c52_37.txt;13769.8;6.416;13751.6;4.723;11.139
c52_38.txt;15472.0;9.716;15436.6;5.329;15.045
c52_39.txt;12606.0;5.653;12592.6;2.243;7.896
c52_40.txt;13823.8;7.282;13798.4;2.539;9.821
c52_41.txt;13421.5;5.445;13402.5;2.873;8.318
c52_42.txt;16235.5;8.491;16235.5;2.846;11.337
c52_43.txt;13990.5;5.548;13975.0;2.101;7.649
c52_44.txt;15751.0;7.019;15700.0;2.662;9.681
c52_45.txt;14702.0;5.269;14655.8;2.745;8.014
c52_46.txt;17320.8;6.774;17310.8;2.924;9.697
c52_47.txt;14815.8;4.951;14815.8;2.188;7.138
c52_48.txt;17338.8;6.171;17337.2;2.891;9.062
c52_49.txt;20061.8;20.431;20033.6;8.987;29.419
c52_50.txt;21985.6;20.88;21933.8;11.121;32.0
c52_51.txt;23064.4;22.589;22963.4;7.886;30.475
c52_52.txt;21415.6;22.023;21378.4;7.012;29.036
c52_53.txt;20400.5;12.158;20399.0;3.611;15.769
c52_54.txt;22261.5;16.424;22261.5;5.386;21.81
c52_55.txt;20192.0;11.314;20122.5;3.368;14.682
c52_56.txt;21059.5;12.498;21059.5;4.442;16.94
c52_57.txt;23950.0;10.331;23940.4;3.675;14.006
c52_58.txt;24003.8;20.045;23936.6;6.181;26.225
c52_59.txt;22237.0;12.077;22197.0;4.211;16.288
c52_60.txt;22611.4;13.586;22549.8;3.761;17.347
c52_61.txt;56642.6;29.209;56621.2;13.68;42.89
c52_62.txt;45695.0;44.322;45556.2;11.948;56.27
c52_63.txt;50993.2;35.02;50693.8;18.767;53.787
c52_64.txt;50336.2;34.51;50336.2;19.206;53.716
c52_65.txt;62299.0;44.773;62275.0;20.038;64.811
c52_66.txt;49085.0;37.967;48941.5;16.955;54.922
c52_67.txt;58122.0;54.075;58110.0;13.005;67.08
c52_68.txt;47082.0;28.845;47081.0;12.427;41.273
c52_69.txt;58913.6;31.118;58913.6;13.134;44.253
c52_70.txt;47778.2;29.561;47631.4;13.367;42.929
c52_71.txt;61331.2;22.172;61223.0;9.134;31.305
c52_72.txt;48582.0;24.667;48397.8;15.206;39.874
c52_73.txt;16932.6;2.384;16923.6;1.322;3.706
c52_74.txt;22493.8;2.393;22493.8;1.093;3.486
c52_75.txt;17905.8;2.189;17905.8;1.116;3.305
c52_76.txt;22717.8;2.21;22717.8;1.052;3.262
c52_77.txt;26218.5;3.759;23991.0;2.104;5.863
c52_78.txt;37613.5;4.194;34086.0;2.94;7.134
c52_79.txt;25668.0;3.72;23348.5;2.258;5.978
c52_80.txt;40924.0;3.744;37338.0;2.564;6.308
c52_81.txt;26193.4;3.893;24902.8;2.644;6.538
c52_82.txt;43699.0;4.147;41735.6;3.811;7.958
c52_83.txt;33495.0;4.029;30097.0;2.626;6.655
c52_84.txt;38606.4;4.39;37450.6;2.627;7.017
c52_85.txt;28336.4;3.909;28188.4;2.223;6.132
c52_86.txt;33937.8;4.173;33937.8;1.899;6.072
c52_87.txt;27697.0;3.541;27593.8;1.759;5.3
c52_88.txt;34623.0;4.022;34623.0;1.685;5.707
c52_89.txt;36321.0;6.187;33884.0;4.938;11.126
c52_90.txt;45815.0;6.773;42772.0;3.667;10.44
c52_91.txt;36144.0;5.885;33782.0;2.829;8.713
c52_92.txt;40117.0;6.816;39087.0;3.743;10.559
c52_93.txt;41948.4;7.326;39773.0;9.678;17.005
c52_94.txt;46038.2;12.252;45218.2;4.429;16.682
c52_95.txt;36962.0;6.365;36034.6;4.45;10.815
c52_96.txt;50855.6;7.415;49540.0;6.383;13.798
c52_97.txt;66347.4;36.252;66347.4;9.197;45.449
c52_98.txt;83480.2;59.66;83480.2;19.213;78.873
c52_99.txt;75700.6;52.012;75518.4;11.13;63.142
c52_100.txt;66672.2;42.234;66631.0;9.712;51.946
c52_101.txt;73387.0;34.983;73369.5;13.591;48.574
c52_102.txt;82371.0;46.759;81427.5;10.173;56.933
c52_103.txt;72009.0;33.824;72009.0;11.486;45.31
c52_104.txt;72897.5;42.326;72897.5;5.364;47.69
c52_105.txt;71528.2;35.386;71382.6;14.023;49.409
c52_106.txt;83922.8;55.071;83703.0;16.159;71.23
c52_107.txt;64510.8;20.103;64067.8;11.833;31.936
c52_108.txt;66912.6;29.866;66727.6;5.359;35.225
