c52_1.txt;9796.8;7.109;9776.4;3.408;10.517
c52_2.txt;10204.6;8.481;10159.2;3.926;12.407
c52_3.txt;9413.8;6.664;9381.8;2.918;9.582
c52_4.txt;10400.2;8.28;10381.4;4.022;12.302
c52_5.txt;11243.5;7.099;11172.0;3.67;10.77
c52_6.txt;11044.5;6.873;11007.5;3.548;10.421
c52_7.txt;10272.5;5.391;10249.5;2.787;8.178
c52_8.txt;10583.5;6.283;10522.0;3.168;9.452
c52_9.txt;11572.6;6.803;11528.4;3.133;9.936
c52_10.txt;11729.4;6.901;11675.0;3.488;10.389
c52_11.txt;11010.6;5.841;11010.6;2.625;8.466
c52_12.txt;11353.8;5.909;11277.6;3.139;9.048
c52_13.txt;18465.4;8.405;18464.2;3.727;12.131
c52_14.txt;14544.0;7.948;14506.4;3.565;11.513
c52_15.txt;17109.8;7.484;17060.2;4.001;11.485
c52_16.txt;15945.8;8.66;15886.6;4.389;13.049
c52_17.txt;19168.5;8.242;19098.5;3.831;12.073
c52_18.txt;16073.5;8.45;16042.0;4.116;12.566
c52_19.txt;17653.5;7.549;17636.5;3.763;11.313
c52_20.txt;18056.0;9.213;18056.0;4.12;13.333
c52_21.txt;19861.0;8.166;19861.0;3.888;12.053
c52_22.txt;17242.0;9.9;17240.8;4.528;14.428
c52_23.txt;17445.6;7.61;17425.4;3.593;11.203
c52_24.txt;16959.6;8.731;16959.6;4.292;13.023
c52_25.txt;51788.0;10.159;51736.4;4.213;14.372
c52_26.txt;44632.8;11.03;44561.4;4.688;15.718
c52_27.txt;47627.2;9.291;47627.2;4.03;13.32
c52_28.txt;42541.8;9.996;42538.0;4.738;14.735
c52_29.txt;50608.0;9.486;50589.0;4.01;13.496
c52_30.txt;45728.0;10.512;45581.5;4.97;15.482
c52_31.txt;62173.5;10.543;62004.5;3.971;14.514
c52_32.txt;41584.0;9.025;41566.0;3.733;12.758
c52_33.txt;53410.0;9.036;53202.4;3.866;12.902
c52_34.txt;42955.0;10.262;42955.0;4.444;14.706
c52_35.txt;57048.0;9.198;56979.6;4.348;13.545
c52_36.txt;40407.4;9.497;40407.4;4.483;13.98
c52_37.txt;14314.2;7.191;13960.8;3.69;10.882
c52_38.txt;15656.4;8.043;15470.0;4.017;12.06
c52_39.txt;12686.6;6.177;12603.4;3.215;9.391
c52_40.txt;13873.4;7.178;13799.8;3.205;10.383
c52_41.txt;13479.5;6.352;13427.0;3.147;9.499
c52_42.txt;16206.0;7.437;16170.0;3.436;10.874
c52_43.txt;14012.0;5.873;14008.5;2.917;8.79
c52_44.txt;15775.5;6.635;15775.5;3.55;10.185
c52_45.txt;14630.4;5.384;14630.4;2.703;8.088
c52_46.txt;17459.4;7.36;17432.4;3.491;10.851
c52_47.txt;14848.0;5.464;14845.0;2.69;8.154
c52_48.txt;17442.6;7.549;17442.6;3.513;11.061
c52_49.txt;20276.6;9.591;20134.6;3.503;13.094
c52_50.txt;21962.8;10.316;21902.2;4.251;14.567
c52_51.txt;23109.2;10.484;23060.4;3.915;14.399
c52_52.txt;21753.8;10.184;21710.2;3.9;14.085
c52_53.txt;20355.5;8.233;20327.0;3.267;11.499
c52_54.txt;22638.5;9.103;22604.5;3.969;13.072
c52_55.txt;20244.0;7.436;20192.0;3.057;10.493
c52_56.txt;21111.0;8.181;20939.0;3.726;11.908
c52_57.txt;24002.4;7.997;23943.0;3.842;11.839
c52_58.txt;24410.6;9.547;24119.6;3.828;13.375
c52_59.txt;22167.4;7.726;22144.8;3.607;11.333
c52_60.txt;22564.8;8.83;22549.8;3.456;12.286
c52_61.txt;56597.4;11.67;56597.4;3.868;15.538
c52_62.txt;45832.8;10.667;45782.0;3.99;14.657
c52_63.txt;50670.6;9.525;50669.2;3.896;13.421
c52_64.txt;50457.0;13.757;50370.4;4.53;18.287
c52_65.txt;62601.0;12.82;62414.0;4.052;16.872
c52_66.txt;49349.0;12.569;49349.0;4.239;16.808
c52_67.txt;58303.0;10.676;58207.5;4.255;14.93
c52_68.txt;47203.5;11.067;47106.0;3.99;15.057
c52_69.txt;59223.8;10.787;58935.6;4.178;14.965
c52_70.txt;48232.2;11.553;48232.2;3.929;15.482
c52_71.txt;61937.6;10.826;61598.4;4.142;14.969
c52_72.txt;48390.8;10.958;48390.8;4.183;15.14
c52_73.txt;17040.6;4.211;16992.6;2.209;6.42
c52_74.txt;22569.8;4.127;22503.8;1.937;6.065
c52_75.txt;17905.8;3.617;17905.8;1.818;5.435
c52_76.txt;22782.8;4.337;22717.8;2.028;6.365
c52_77.txt;29304.5;5.136;23991.0;2.863;7.999
c52_78.txt;40716.5;6.057;34639.0;2.887;8.944
c52_79.txt;30069.5;5.184;23361.5;2.758;7.942
c52_80.txt;43363.0;6.835;37338.0;2.753;9.589
c52_81.txt;31631.6;5.998;26018.6;2.823;8.821
c52_82.txt;52459.4;7.586;41730.6;3.178;10.764
c52_83.txt;41832.0;6.825;30799.4;2.873;9.697
c52_84.txt;46481.4;7.023;38027.4;3.175;10.198
c52_85.txt;28442.4;5.299;28442.4;2.878;8.177
c52_86.txt;34000.8;5.743;33886.8;2.593;8.336
c52_87.txt;27910.0;5.123;27648.2;2.543;7.666
c52_88.txt;34643.0;6.201;34623.0;2.632;8.832
c52_89.txt;39714.0;6.126;34068.5;3.315;9.441
c52_90.txt;50059.0;8.385;42922.0;3.254;11.639
c52_91.txt;40293.0;6.346;33227.0;3.175;9.521
c52_92.txt;46157.0;8.178;39499.0;3.209;11.387
c52_93.txt;50757.2;7.985;41206.6;3.541;11.526
c52_94.txt;52914.4;9.348;45218.2;3.608;12.956
c52_95.txt;43901.0;7.613;36443.8;3.515;11.128
c52_96.txt;59442.0;10.366;50288.0;3.794;14.161
c52_97.txt;66850.2;12.961;66347.4;3.377;16.338
c52_98.txt;83839.4;16.719;83658.8;4.363;21.083
c52_99.txt;74822.4;13.725;74450.8;4.17;17.895
c52_100.txt;66840.4;13.52;66762.8;4.008;17.528
c52_101.txt;73637.5;12.01;73198.0;3.602;15.611
c52_102.txt;82390.5;15.698;82293.0;4.157;19.854
c52_103.txt;72009.0;14.024;72009.0;3.564;17.588
c52_104.txt;72897.5;14.312;72897.5;3.639;17.951
c52_105.txt;71415.8;12.833;71363.0;3.756;16.589
c52_106.txt;84083.0;16.283;83903.2;4.212;20.495
c52_107.txt;64242.8;12.141;64197.0;3.462;15.604
c52_108.txt;67209.8;13.807;67104.0;3.595;17.402
