c52_1.txt;9764.0;3600.002;9796.8;9.763;9776.4;5.104;9683.41;0.008;260857.0;14.866;0
c52_2.txt;10120.2;3600.002;10204.6;11.485;10159.2;5.819;10041.636;0.008;310518.0;17.304;0
c52_3.txt;9334.0;867.651;9413.8;9.068;9381.8;4.472;9333.995;0.0;78881.0;13.541;1
c52_4.txt;10332.0;3600.003;10400.2;11.1;10381.4;5.83;10229.095;0.01;312046.0;16.93;0
c52_5.txt;11111.5;3600.006;11243.5;9.386;11172.0;5.349;11050.813;0.005;469765.0;14.735;0
c52_6.txt;11007.5;3600.004;11044.5;9.494;11007.5;5.394;10795.42;0.019;367616.0;14.888;0
c52_7.txt;10249.5;800.564;10272.5;7.764;10249.5;4.471;10249.5;0.0;99974.0;12.236;1
c52_8.txt;10511.5;3600.003;10583.5;8.914;10522.0;4.966;10420.351;0.009;319318.0;13.88;0
c52_9.txt;11470.8;2705.448;11572.6;9.667;11528.4;4.886;11470.789;0.0;448079.0;14.553;1
c52_10.txt;11561.4;3600.003;11729.4;9.701;11675.0;5.235;11373.673;0.016;428701.0;14.937;0
c52_11.txt;11010.6;624.778;11010.6;8.419;11010.6;4.344;11010.59;0.0;91454.0;12.763;1
c52_12.txt;11249.2;3600.002;11353.8;8.586;11277.6;4.894;11188.61;0.005;422707.0;13.481;0
c52_13.txt;18287.6;3600.002;18465.4;11.849;18464.2;5.736;18105.003;0.01;290379.0;17.586;0
c52_14.txt;14398.2;3600.002;14544.0;11.239;14506.4;5.496;14226.479;0.012;235825.0;16.734;0
c52_15.txt;16949.4;3600.002;17109.8;10.493;17060.2;5.601;16731.33;0.013;292566.0;16.094;0
c52_16.txt;15776.8;3600.002;15945.8;11.642;15886.6;6.139;15376.926;0.025;242922.0;17.781;0
c52_17.txt;18981.0;3600.002;19168.5;11.007;19098.5;5.762;18664.25;0.017;300202.0;16.768;0
c52_18.txt;15962.0;3600.002;16073.5;11.597;16042.0;5.995;15571.154;0.024;234655.0;17.592;0
c52_19.txt;17503.5;3600.002;17653.5;10.042;17636.5;5.466;17277.146;0.013;229096.0;15.508;0
c52_20.txt;18056.0;3600.002;18056.0;12.147;18056.0;6.322;17772.315;0.016;280359.0;18.469;0
c52_21.txt;19855.8;3600.002;19861.0;11.37;19861.0;5.434;19491.904;0.018;329448.0;16.804;0
c52_22.txt;17108.2;3600.004;17242.0;12.715;17240.8;6.289;16630.505;0.028;363459.0;19.004;0
c52_23.txt;17395.6;3600.003;17445.6;10.117;17425.4;5.222;17337.939;0.003;275224.0;15.339;0
c52_24.txt;16609.8;3600.002;16959.6;11.487;16959.6;6.084;16363.755;0.015;327761.0;17.571;0
c52_25.txt;51607.4;3600.002;51788.0;13.645;51736.4;6.129;49949.153;0.032;238748.0;19.774;0
c52_26.txt;44437.8;3600.002;44632.8;14.755;44561.4;6.724;43042.435;0.031;336140.0;21.479;0
c52_27.txt;47569.0;3600.004;47627.2;12.508;47627.2;5.894;47171.655;0.008;231380.0;18.403;0
c52_28.txt;42515.2;3600.002;42541.8;13.422;42538.0;6.769;41297.137;0.029;318974.0;20.191;0
c52_29.txt;50589.0;3600.004;50608.0;12.997;50589.0;5.876;49620.897;0.019;201214.0;18.873;0
c52_30.txt;45459.5;3600.004;45728.0;14.214;45581.5;7.167;44959.608;0.011;299432.0;21.381;0
c52_31.txt;61798.0;3600.002;62173.5;13.972;62004.5;5.838;60854.789;0.015;251606.0;19.81;0
c52_32.txt;41532.0;3600.004;41584.0;12.198;41566.0;5.575;40544.147;0.024;263813.0;17.773;0
c52_33.txt;53089.2;3600.002;53410.0;12.047;53202.4;5.647;51467.973;0.031;243923.0;17.694;0
c52_34.txt;42955.0;3600.002;42955.0;13.875;42955.0;6.429;42536.857;0.01;360938.0;20.304;0
c52_35.txt;56896.8;3600.002;57048.0;12.282;56979.6;6.211;56487.541;0.007;293464.0;18.493;0
c52_36.txt;40407.4;3600.002;40407.4;12.723;40407.4;6.402;39794.852;0.015;263985.0;19.125;0
c52_37.txt;13734.6;2774.024;14314.2;9.649;13960.8;5.435;13734.587;0.0;338735.0;15.085;1
c52_38.txt;15433.4;3600.002;15656.4;10.797;15470.0;5.86;15245.157;0.012;430921.0;16.658;0
c52_39.txt;12592.6;733.616;12686.6;8.779;12603.4;4.959;12592.593;0.0;93233.0;13.738;1
c52_40.txt;13798.4;1716.152;13873.4;9.82;13799.8;4.895;13798.386;0.0;216946.0;14.714;1
c52_41.txt;13337.0;1993.809;13479.5;8.83;13427.0;4.815;13336.997;0.0;203716.0;13.646;1
c52_42.txt;16130.5;2216.884;16206.0;10.338;16170.0;5.223;16130.49;0.0;246292.0;15.561;1
c52_43.txt;13936.0;492.667;14012.0;8.325;14008.5;4.599;13936.0;0.0;48235.0;12.924;1
c52_44.txt;15675.0;1504.454;15775.5;8.97;15775.5;5.217;15675.0;0.0;155079.0;14.187;1
c52_45.txt;14560.2;322.497;14630.4;7.704;14630.4;4.335;14560.2;0.0;35599.0;12.039;1
c52_46.txt;17211.4;1352.849;17459.4;9.883;17432.4;5.203;17211.396;0.0;135135.0;15.086;1
c52_47.txt;14815.8;99.438;14848.0;7.677;14845.0;4.258;14815.8;0.0;12534.0;11.935;1
c52_48.txt;17281.4;836.809;17442.6;10.453;17442.6;5.342;17281.384;0.0;72044.0;15.794;1
c52_49.txt;19987.8;3600.005;20276.6;12.965;20134.6;5.385;19540.574;0.022;165421.0;18.35;0
c52_50.txt;21818.6;3600.004;21962.8;13.524;21902.2;6.044;21440.514;0.017;312635.0;19.568;0
c52_51.txt;22844.2;3600.002;23109.2;13.353;23060.4;5.73;22548.395;0.013;215873.0;19.083;0
c52_52.txt;21442.8;3600.002;21753.8;14.175;21710.2;6.07;20937.909;0.024;362512.0;20.245;0
c52_53.txt;20286.0;3600.002;20355.5;11.7;20327.0;5.102;19920.557;0.018;177176.0;16.802;0
c52_54.txt;22191.0;3600.002;22638.5;12.389;22604.5;5.903;21874.115;0.014;209303.0;18.293;0
c52_55.txt;20122.5;3600.003;20244.0;10.632;20192.0;4.894;19869.029;0.013;160054.0;15.527;0
c52_56.txt;20939.0;3600.002;21111.0;11.544;20939.0;5.768;20524.428;0.02;312185.0;17.312;0
c52_57.txt;23839.4;3600.002;24002.4;10.968;23943.0;5.729;23656.484;0.008;215889.0;16.697;0
c52_58.txt;23976.6;3600.003;24410.6;13.542;24119.6;5.958;23267.01;0.03;316985.0;19.499;0
c52_59.txt;22071.0;3600.002;22167.4;10.65;22144.8;5.436;21732.115;0.015;259418.0;16.086;0
c52_60.txt;22549.8;3600.002;22564.8;12.589;22549.8;5.436;22437.911;0.005;238871.0;18.025;0
c52_61.txt;56409.6;3600.002;56597.4;16.356;56597.4;6.036;56079.401;0.006;172339.0;22.392;0
c52_62.txt;45291.6;3600.003;45832.8;14.854;45782.0;6.165;44651.528;0.014;268067.0;21.018;0
c52_63.txt;50560.2;3600.002;50670.6;13.44;50669.2;5.886;50019.942;0.011;160181.0;19.326;0
c52_64.txt;50315.2;3600.002;50457.0;18.572;50370.4;6.89;49878.163;0.009;298185.0;25.463;0
c52_65.txt;62288.0;3600.007;62601.0;17.472;62414.0;6.068;61857.738;0.007;160932.0;23.54;0
c52_66.txt;48396.5;3600.003;49349.0;17.599;49349.0;6.467;48070.477;0.007;178520.0;24.065;0
c52_67.txt;58059.5;3600.002;58303.0;14.55;58207.5;6.278;56881.337;0.02;181204.0;20.827;0
c52_68.txt;47006.0;3600.003;47203.5;15.119;47106.0;6.041;46216.379;0.017;206306.0;21.16;0
c52_69.txt;58749.8;3600.002;59223.8;14.507;58935.6;6.119;57925.498;0.014;178786.0;20.626;0
c52_70.txt;47712.8;3600.002;48232.2;15.929;48232.2;5.984;46585.526;0.024;207713.0;21.913;0
c52_71.txt;61125.2;3600.002;61937.6;14.886;61598.4;6.198;60739.368;0.006;206758.0;21.084;0
c52_72.txt;48307.4;3600.004;48390.8;14.993;48390.8;6.218;47522.275;0.016;210690.0;21.211;0
c52_73.txt;16923.6;4.57;17040.6;6.305;16992.6;3.752;16923.6;0.0;2404.0;10.058;1
c52_74.txt;22493.8;1.923;22569.8;6.213;22503.8;3.412;22493.8;0.0;55.0;9.625;1
c52_75.txt;17905.8;0.954;17905.8;5.522;17905.8;3.244;17905.8;0.0;1.0;8.767;1
c52_76.txt;22717.8;0.915;22782.8;6.365;22717.8;3.476;22717.8;0.0;1.0;9.84;1
c52_77.txt;23991.0;12.961;29304.5;7.54;23991.0;4.605;23991.0;0.0;1252.0;12.146;1
c52_78.txt;34086.0;48.204;40716.5;8.555;34639.0;4.647;34086.0;0.0;8819.0;13.202;1
c52_79.txt;23348.5;19.329;30069.5;7.374;23361.5;4.419;23348.5;0.0;2593.0;11.793;1
c52_80.txt;37338.0;27.126;43363.0;9.452;37338.0;4.33;37338.0;0.0;4817.0;13.782;1
c52_81.txt;24822.6;45.023;31631.6;8.641;26018.6;4.607;24822.6;0.0;6760.0;13.248;1
c52_82.txt;41730.6;497.512;52459.4;10.453;41730.6;4.939;41730.586;0.0;83898.0;15.392;1
c52_83.txt;29855.0;49.001;41832.0;9.533;30799.4;4.596;29855.0;0.0;6519.0;14.129;1
c52_84.txt;37450.6;140.599;46481.4;9.755;38027.4;4.979;37450.6;0.0;18510.0;14.734;1
c52_85.txt;28188.4;23.348;28442.4;7.515;28442.4;4.554;28188.4;0.0;6172.0;12.069;1
c52_86.txt;33886.8;18.757;34000.8;8.405;33886.8;4.306;33886.8;0.0;5338.0;12.711;1
c52_87.txt;27593.8;18.827;27910.0;7.369;27648.2;4.118;27593.777;0.0;4136.0;11.487;1
c52_88.txt;34623.0;8.685;34643.0;8.751;34623.0;4.302;34623.0;0.0;1425.0;13.054;1
c52_89.txt;33824.0;524.636;39714.0;8.845;34068.5;5.194;33823.985;0.0;77668.0;14.039;1
c52_90.txt;42633.0;856.123;50059.0;11.854;42922.0;5.143;42633.0;0.0;127317.0;16.997;1
c52_91.txt;33227.0;257.411;40293.0;8.926;33227.0;4.971;33226.989;0.0;30111.0;13.897;1
c52_92.txt;38966.0;2394.13;46157.0;11.113;39499.0;4.913;38965.967;0.0;312496.0;16.025;1
c52_93.txt;39465.0;722.281;50757.2;10.818;41206.6;5.383;39464.973;0.0;114389.0;16.201;1
c52_94.txt;45048.8;3453.41;52914.4;12.697;45218.2;5.513;45048.755;0.0;385271.0;18.21;1
c52_95.txt;35905.0;613.864;43901.0;10.483;36443.8;5.294;35904.966;0.0;85600.0;15.778;1
c52_96.txt;49514.4;2572.839;59442.0;14.048;50288.0;5.784;49514.383;0.0;378709.0;19.832;1
c52_97.txt;66347.4;3600.003;66850.2;17.287;66347.4;5.155;65800.199;0.008;251619.0;22.442;0
c52_98.txt;83479.2;3600.002;83839.4;22.149;83658.8;6.469;82394.42;0.013;381900.0;28.618;0
c52_99.txt;74450.8;3600.002;74822.4;18.938;74450.8;6.304;73720.257;0.01;289509.0;25.243;0
c52_100.txt;66762.8;3600.003;66840.4;17.783;66762.8;5.984;65698.553;0.016;245666.0;23.767;0
c52_101.txt;72953.5;3600.004;73637.5;16.572;73198.0;5.585;71242.163;0.023;241278.0;22.156;0
c52_102.txt;81358.0;3600.004;82390.5;20.985;82293.0;6.256;80663.761;0.009;333100.0;27.241;0
c52_103.txt;72009.0;3600.002;72009.0;18.786;72009.0;5.486;71360.515;0.009;149776.0;24.272;0
c52_104.txt;72897.5;3600.003;72897.5;19.792;72897.5;5.719;71845.218;0.014;285783.0;25.511;0
c52_105.txt;70650.6;3600.002;71415.8;17.295;71363.0;5.681;69995.078;0.009;194057.0;22.976;0
c52_106.txt;83293.8;3600.003;84083.0;22.442;83903.2;6.464;82016.998;0.015;300744.0;28.906;0
c52_107.txt;63700.8;3600.002;64242.8;16.441;64197.0;5.338;63041.344;0.01;140409.0;21.779;0
c52_108.txt;66727.6;3600.004;67209.8;19.222;67104.0;5.637;65897.309;0.012;268350.0;24.859;0
