c52_1.txt;9796.8;6.737;9776.4;3.264;10.001
c52_2.txt;10204.6;8.28;10159.2;3.964;12.244
c52_3.txt;9413.8;6.616;9381.8;2.871;9.487
c52_4.txt;10400.2;8.298;10381.4;4.008;12.306
c52_5.txt;11243.5;6.712;11172.0;3.464;10.176
c52_6.txt;11044.5;6.662;11007.5;3.603;10.265
c52_7.txt;10272.5;5.84;10249.5;2.774;8.614
c52_8.txt;10583.5;6.275;10522.0;3.204;9.478
c52_9.txt;11572.6;6.948;11528.4;3.161;10.109
c52_10.txt;11729.4;6.978;11675.0;3.439;10.417
c52_11.txt;11010.6;5.873;11010.6;2.626;8.498
c52_12.txt;11353.8;6.006;11277.6;3.105;9.11
c52_13.txt;18465.4;8.642;18464.2;3.826;12.468
c52_14.txt;14544.0;8.045;14506.4;3.625;11.67
c52_15.txt;17109.8;7.452;17060.2;3.658;11.11
c52_16.txt;15945.8;8.435;15886.6;4.09;12.525
c52_17.txt;19168.5;7.913;19098.5;3.829;11.742
c52_18.txt;16073.5;8.374;16042.0;4.017;12.391
c52_19.txt;17653.5;7.207;17636.5;3.658;10.865
c52_20.txt;18056.0;8.849;18056.0;4.333;13.182
c52_21.txt;19861.0;8.138;19861.0;3.605;11.743
c52_22.txt;17242.0;9.258;17240.8;4.302;13.559
c52_23.txt;17445.6;7.059;17425.4;3.297;10.356
c52_24.txt;16959.6;8.115;16959.6;3.996;12.111
c52_25.txt;51788.0;9.818;51736.4;4.073;13.891
c52_26.txt;44632.8;10.941;44561.4;4.669;15.61
c52_27.txt;47627.2;8.889;47627.2;3.92;12.809
c52_28.txt;42541.8;9.647;42538.0;4.59;14.237
c52_29.txt;50608.0;9.587;50589.0;4.054;13.641
c52_30.txt;45728.0;10.268;45581.5;4.859;15.128
c52_31.txt;62173.5;10.064;62004.5;3.824;13.888
c52_32.txt;41584.0;8.889;41566.0;3.708;12.597
c52_33.txt;53410.0;8.791;53202.4;3.78;12.571
c52_34.txt;42955.0;11.321;42955.0;4.488;15.809
c52_35.txt;57048.0;9.583;56979.6;4.299;13.882
c52_36.txt;40407.4;10.073;40407.4;4.484;14.557
c52_37.txt;14314.2;6.704;13960.8;3.545;10.249
c52_38.txt;15656.4;7.944;15470.0;4.12;12.064
c52_39.txt;12686.6;6.499;12603.4;3.328;9.827
c52_40.txt;13873.4;7.091;13799.8;3.157;10.248
c52_41.txt;13479.5;6.645;13427.0;3.149;9.793
c52_42.txt;16206.0;9.565;16170.0;3.362;12.927
c52_43.txt;14012.0;5.883;14008.5;2.926;8.809
c52_44.txt;15775.5;6.651;15775.5;4.131;10.782
c52_45.txt;14630.4;6.027;14630.4;2.804;8.832
c52_46.txt;17459.4;7.318;17432.4;3.359;10.677
c52_47.txt;14848.0;5.557;14845.0;2.804;8.36
c52_48.txt;17442.6;7.97;17442.6;3.829;11.798
c52_49.txt;20276.6;10.359;20134.6;3.726;14.085
c52_50.txt;21962.8;10.597;21902.2;4.375;14.972
c52_51.txt;23109.2;10.188;23060.4;4.063;14.25
c52_52.txt;21753.8;10.357;21710.2;3.981;14.338
c52_53.txt;20355.5;8.43;20327.0;3.532;11.962
c52_54.txt;22638.5;9.613;22604.5;4.449;14.062
c52_55.txt;20244.0;7.622;20192.0;3.156;10.778
c52_56.txt;21111.0;8.72;20939.0;4.031;12.751
c52_57.txt;24002.4;8.325;23943.0;3.861;12.186
c52_58.txt;24410.6;10.154;24119.6;4.363;14.516
c52_59.txt;22167.4;8.285;22144.8;3.789;12.074
c52_60.txt;22564.8;9.908;22549.8;4.041;13.949
c52_61.txt;56597.4;12.612;56597.4;3.949;16.561
c52_62.txt;45832.8;11.942;45782.0;4.397;16.339
c52_63.txt;50670.6;10.438;50669.2;4.082;14.52
c52_64.txt;50457.0;14.453;50370.4;4.79;19.243
c52_65.txt;62601.0;13.601;62414.0;4.599;18.2
c52_66.txt;49349.0;13.97;49349.0;4.529;18.499
c52_67.txt;58303.0;11.585;58207.5;4.524;16.108
c52_68.txt;47203.5;11.868;47106.0;4.233;16.1
c52_69.txt;59223.8;11.349;58935.6;4.24;15.589
c52_70.txt;48232.2;12.124;48232.2;4.362;16.487
c52_71.txt;61937.6;11.466;61598.4;4.234;15.7
c52_72.txt;48390.8;11.25;48390.8;4.419;15.669
c52_73.txt;17040.6;4.525;16992.6;2.185;6.71
c52_74.txt;22569.8;4.133;22503.8;1.893;6.026
c52_75.txt;17905.8;3.746;17905.8;1.888;5.634
c52_76.txt;22782.8;4.524;22717.8;2.114;6.637
c52_77.txt;29304.5;5.804;23991.0;3.014;8.819
c52_78.txt;40716.5;6.276;34639.0;3.168;9.444
c52_79.txt;30069.5;5.324;23361.5;2.991;8.314
c52_80.txt;43363.0;7.16;37338.0;2.947;10.108
c52_81.txt;31631.6;6.463;26018.6;3.03;9.494
c52_82.txt;52459.4;7.912;41730.6;3.373;11.285
c52_83.txt;41832.0;6.974;30799.4;2.958;9.933
c52_84.txt;46481.4;7.614;38027.4;3.548;11.162
c52_85.txt;28442.4;5.965;28442.4;3.098;9.062
c52_86.txt;34000.8;6.447;33886.8;2.873;9.321
c52_87.txt;27910.0;5.417;27648.2;2.734;8.151
c52_88.txt;34643.0;6.551;34623.0;2.65;9.201
c52_89.txt;39714.0;6.626;34068.5;3.631;10.257
c52_90.txt;50059.0;9.085;42922.0;3.4;12.485
c52_91.txt;40293.0;6.529;33227.0;3.235;9.764
c52_92.txt;46157.0;8.591;39499.0;3.241;11.832
c52_93.txt;50757.2;7.946;41206.6;3.6;11.546
c52_94.txt;52914.4;9.656;45218.2;3.676;13.332
c52_95.txt;43901.0;7.679;36443.8;3.475;11.154
c52_96.txt;59442.0;10.436;50288.0;3.822;14.257
c52_97.txt;66850.2;12.864;66347.4;3.325;16.189
c52_98.txt;83839.4;16.672;83658.8;4.324;20.995
c52_99.txt;74822.4;14.131;74450.8;4.2;18.331
c52_100.txt;66840.4;13.266;66762.8;3.944;17.21
c52_101.txt;73637.5;12.243;73198.0;3.654;15.898
c52_102.txt;82390.5;15.977;82293.0;4.225;20.201
c52_103.txt;72009.0;14.165;72009.0;3.581;17.746
c52_104.txt;72897.5;14.677;72897.5;3.686;18.363
c52_105.txt;71415.8;12.77;71363.0;3.725;16.495
c52_106.txt;84083.0;16.677;83903.2;4.262;20.939
c52_107.txt;64242.8;12.129;64197.0;3.419;15.548
c52_108.txt;67209.8;14.63;67104.0;3.749;18.38
