c52_1.txt;9772.0;0.64;9772.0;0.341;0.981
c52_1.txt;9772.0;0.619;9772.0;0.443;1.062
c52_2.txt;10227.8;1.208;10206.0;0.897;2.105
c52_3.txt;9385.4;0.419;9379.8;0.389;0.808
c52_4.txt;10395.8;0.9;10395.8;0.652;1.552
c52_5.txt;11124.5;0.622;11119.0;0.443;1.065
c52_6.txt;11030.5;1.174;11030.5;0.748;1.923
c52_7.txt;10311.0;0.464;10311.0;0.336;0.799
c52_8.txt;10522.0;0.571;10522.0;0.385;0.956
c52_9.txt;11537.4;0.654;11520.8;0.512;1.166
c52_10.txt;11593.8;0.968;11561.4;0.504;1.473
c52_11.txt;11014.2;0.476;11010.6;0.345;0.821
c52_12.txt;11253.8;0.504;11249.2;0.407;0.911
c52_13.txt;18333.8;0.917;18285.6;0.48;1.398
c52_14.txt;14572.6;0.629;14542.6;0.438;1.067
c52_15.txt;16985.0;0.706;16924.4;0.487;1.193
c52_16.txt;15872.6;0.653;15872.6;0.494;1.147
c52_17.txt;19044.5;0.955;19027.5;0.677;1.632
c52_18.txt;16011.0;0.665;16011.0;0.44;1.105
c52_19.txt;17666.0;0.658;17666.0;0.559;1.217
c52_20.txt;18111.5;0.632;18081.5;0.502;1.134
c52_21.txt;19981.4;0.933;19904.2;0.465;1.399
c52_22.txt;17158.6;0.804;17126.8;0.627;1.43
c52_23.txt;17538.6;0.585;17487.2;0.392;0.977
c52_24.txt;16815.6;0.698;16815.6;0.533;1.231
c52_25.txt;51573.8;0.774;51477.0;0.752;1.526
c52_26.txt;44668.4;0.673;44626.4;0.651;1.324
c52_27.txt;47590.8;0.548;47590.8;0.434;0.982
c52_28.txt;42615.6;0.554;42536.6;0.345;0.899
c52_29.txt;50536.0;0.567;50536.0;0.426;0.993
c52_30.txt;45780.0;0.687;45665.5;0.536;1.223
c52_31.txt;61921.5;0.625;61914.5;0.497;1.122
c52_32.txt;41752.5;0.556;41521.0;0.39;0.946
c52_33.txt;53276.2;0.619;53054.8;0.398;1.017
c52_34.txt;42990.2;0.63;42955.0;0.391;1.022
c52_35.txt;56973.4;0.727;56899.8;0.454;1.18
c52_36.txt;40407.4;0.483;40407.4;0.388;0.871
c52_37.txt;14324.8;0.215;13880.4;0.507;0.723
c52_38.txt;15697.8;0.438;15442.8;0.554;0.992
c52_39.txt;12759.4;0.241;12603.4;0.271;0.513
c52_40.txt;13979.8;0.356;13869.2;0.351;0.707
c52_41.txt;13402.5;0.438;13402.5;0.311;0.749
c52_42.txt;16235.5;0.445;16223.5;0.311;0.756
c52_43.txt;14038.5;0.359;14008.5;0.265;0.625
c52_44.txt;15751.0;0.475;15700.0;0.279;0.753
c52_45.txt;14655.6;0.444;14648.4;0.277;0.721
c52_46.txt;17384.6;0.484;17350.6;0.325;0.81
c52_47.txt;14888.4;0.34;14826.0;0.231;0.572
c52_48.txt;17368.6;0.362;17341.0;0.313;0.675
c52_49.txt;20182.6;0.604;20000.2;0.586;1.19
c52_50.txt;22051.0;0.552;21818.6;0.675;1.227
c52_51.txt;23643.2;0.295;22844.2;0.292;0.587
c52_52.txt;21601.2;0.544;21386.8;0.525;1.069
c52_53.txt;20505.0;0.606;20399.0;0.413;1.02
c52_54.txt;22215.0;0.789;22215.0;0.467;1.256
c52_55.txt;20366.5;0.483;20296.5;0.402;0.885
c52_56.txt;21099.5;0.598;21075.0;0.453;1.051
c52_57.txt;23928.4;0.435;23839.4;0.297;0.733
c52_58.txt;24232.4;0.914;23914.4;0.364;1.277
c52_59.txt;22137.6;0.526;22127.8;0.354;0.88
c52_60.txt;22760.4;0.649;22685.6;0.384;1.033
c52_61.txt;56663.6;0.527;56553.8;0.449;0.976
c52_62.txt;45777.0;0.585;45488.8;0.445;1.03
c52_63.txt;50747.2;0.516;50551.0;0.411;0.927
c52_64.txt;50628.4;0.703;50377.2;0.608;1.311
c52_65.txt;62658.0;0.55;62449.5;0.468;1.018
c52_66.txt;48968.0;0.647;48733.0;0.389;1.036
c52_67.txt;58012.5;0.604;58000.5;0.328;0.932
c52_68.txt;46907.0;0.616;46907.0;0.451;1.068
c52_69.txt;58830.0;0.52;58780.4;0.385;0.905
c52_70.txt;48020.0;0.609;47834.2;0.417;1.027
c52_71.txt;61331.2;0.588;61223.0;0.303;0.891
c52_72.txt;48529.6;0.768;48397.8;0.386;1.154
c52_73.txt;16923.6;0.167;16923.6;0.101;0.268
c52_74.txt;22514.8;0.162;22493.8;0.087;0.248
c52_75.txt;17905.8;0.129;17905.8;0.09;0.219
c52_76.txt;22717.8;0.125;22717.8;0.077;0.203
c52_77.txt;26222.5;0.147;23991.0;0.214;0.361
c52_78.txt;37649.5;0.155;34089.0;0.327;0.482
c52_79.txt;26403.5;0.144;23348.5;0.211;0.355
c52_80.txt;40746.0;0.149;37338.0;0.261;0.41
c52_81.txt;25263.8;0.237;24857.6;0.207;0.445
c52_82.txt;43380.0;0.176;41730.6;0.301;0.477
c52_83.txt;33495.0;0.132;30097.0;0.244;0.377
c52_84.txt;38606.4;0.198;37450.6;0.202;0.401
c52_85.txt;28188.4;0.206;28188.4;0.095;0.301
c52_86.txt;34029.8;0.21;33925.8;0.103;0.313
c52_87.txt;27718.0;0.214;27621.2;0.142;0.356
c52_88.txt;34813.0;0.214;34813.0;0.119;0.333
c52_89.txt;38095.0;0.219;34373.5;0.286;0.505
c52_90.txt;46602.0;0.216;43274.5;0.266;0.482
c52_91.txt;38882.0;0.247;33227.0;0.255;0.502
c52_92.txt;42348.0;0.256;39030.0;0.245;0.501
c52_93.txt;41386.4;0.206;39484.0;0.27;0.477
c52_94.txt;46655.4;0.354;45048.8;0.254;0.608
c52_95.txt;36971.0;0.244;36034.6;0.29;0.534
c52_96.txt;52758.6;0.241;49629.6;0.376;0.616
c52_97.txt;69363.0;0.347;67837.6;0.25;0.597
c52_98.txt;87561.0;0.963;85205.6;0.322;1.285
c52_99.txt;78243.0;1.089;76461.2;0.224;1.313
c52_100.txt;71011.6;0.782;68801.6;0.331;1.113
c52_101.txt;76017.0;0.415;73369.5;0.959;1.374
c52_102.txt;87559.0;0.534;81358.0;0.386;0.92
c52_103.txt;78268.5;0.3;73305.0;0.14;0.44
c52_104.txt;76400.0;0.287;73054.5;0.231;0.518
c52_105.txt;72039.2;0.275;70685.8;0.237;0.512
c52_106.txt;84791.4;0.488;83422.8;0.48;0.969
c52_107.txt;64807.0;0.554;64461.6;0.314;0.868
c52_108.txt;67910.6;0.354;66912.6;0.401;0.756
