c52_1.txt;9883.2;0.526;9883.2;0.369;0.895
c52_2.txt;10235.8;0.544;10181.0;0.413;0.957
c52_3.txt;9442.8;0.476;9404.6;0.315;0.791
c52_4.txt;10451.2;0.538;10418.6;0.413;0.952
c52_5.txt;11201.0;0.57;11164.5;0.382;0.951
c52_6.txt;11112.0;0.564;11112.0;0.441;1.005
c52_7.txt;10327.5;0.495;10268.0;0.276;0.771
c52_8.txt;10642.5;0.543;10615.0;0.377;0.92
c52_9.txt;11636.2;0.561;11567.8;0.377;0.938
c52_10.txt;11635.4;0.559;11611.2;0.495;1.054
c52_11.txt;11044.4;0.545;11044.4;0.447;0.992
c52_12.txt;11368.2;0.587;11277.0;0.394;0.981
c52_13.txt;18454.4;0.543;18442.4;0.421;0.964
c52_14.txt;14411.4;0.548;14394.6;0.38;0.928
c52_15.txt;17069.6;0.552;16983.8;0.366;0.918
c52_16.txt;16093.2;0.619;15952.8;0.406;1.025
c52_17.txt;19047.5;0.621;19021.0;0.427;1.049
c52_18.txt;16046.5;0.582;15959.0;0.359;0.941
c52_19.txt;17704.5;0.614;17617.5;0.373;0.987
c52_20.txt;18236.5;0.635;18226.0;0.449;1.084
c52_21.txt;20143.8;0.627;19965.0;0.408;1.034
c52_22.txt;17078.8;0.64;17074.8;0.392;1.032
c52_23.txt;17436.2;0.505;17395.6;0.306;0.811
c52_24.txt;16891.6;0.585;16891.6;0.482;1.067
c52_25.txt;51581.8;0.609;51513.6;0.453;1.063
c52_26.txt;44799.0;0.544;44652.6;0.49;1.035
c52_27.txt;47628.0;0.512;47628.0;0.372;0.883
c52_28.txt;42622.2;0.448;42579.2;0.289;0.737
c52_29.txt;50555.0;0.494;50536.0;0.319;0.813
c52_30.txt;45826.5;0.627;45721.5;0.399;1.026
c52_31.txt;61919.5;0.504;61914.5;0.305;0.809
c52_32.txt;41742.5;0.658;41532.0;0.349;1.007
c52_33.txt;53513.8;0.56;53239.4;0.36;0.92
c52_34.txt;42955.0;0.609;42955.0;0.251;0.86
c52_35.txt;56922.2;0.474;56899.8;0.329;0.803
c52_36.txt;40693.4;0.539;40621.8;0.327;0.866
c52_37.txt;16662.2;0.298;14036.0;0.332;0.63
c52_38.txt;17188.2;0.337;15635.6;0.307;0.644
c52_39.txt;14325.0;0.257;13021.8;0.237;0.494
c52_40.txt;14954.2;0.339;14038.2;0.34;0.679
c52_41.txt;13420.0;0.406;13420.0;0.294;0.7
c52_42.txt;16305.5;0.412;16305.5;0.285;0.697
c52_43.txt;14065.0;0.363;14009.5;0.278;0.64
c52_44.txt;15758.0;0.45;15758.0;0.33;0.781
c52_45.txt;14710.8;0.417;14680.2;0.303;0.72
c52_46.txt;17211.4;0.462;17211.4;0.248;0.711
c52_47.txt;15238.8;0.455;15094.4;0.31;0.766
c52_48.txt;17463.4;0.457;17430.0;0.339;0.796
c52_49.txt;21295.6;0.45;20833.8;0.363;0.814
c52_50.txt;23569.0;0.377;22329.4;0.371;0.748
c52_51.txt;26254.0;0.341;25236.6;0.224;0.565
c52_52.txt;23002.4;0.385;21745.6;0.326;0.711
c52_53.txt;20643.5;0.497;20466.0;0.342;0.839
c52_54.txt;22289.5;0.471;22289.5;0.318;0.789
c52_55.txt;20500.5;0.453;20350.5;0.277;0.73
c52_56.txt;21195.5;0.504;21192.5;0.379;0.883
c52_57.txt;24768.2;0.466;24517.4;0.352;0.818
c52_58.txt;24195.2;0.494;23934.8;0.278;0.772
c52_59.txt;22462.6;0.487;22344.8;0.307;0.794
c52_60.txt;22671.0;0.443;22633.2;0.272;0.716
c52_61.txt;57019.8;0.391;56441.0;0.378;0.769
c52_62.txt;46426.4;0.487;45719.4;0.378;0.865
c52_63.txt;51149.4;0.36;50626.6;0.301;0.661
c52_64.txt;52009.0;0.405;50977.6;0.339;0.743
c52_65.txt;62510.5;0.392;62414.0;0.279;0.671
c52_66.txt;49319.0;0.518;49162.0;0.308;0.826
c52_67.txt;58273.0;0.435;58187.5;0.301;0.736
c52_68.txt;46958.0;0.468;46900.5;0.313;0.781
c52_69.txt;59064.2;0.551;59015.2;0.302;0.853
c52_70.txt;48232.4;0.532;47977.2;0.252;0.784
c52_71.txt;61527.6;0.457;61320.0;0.272;0.729
c52_72.txt;48737.8;0.525;48601.8;0.307;0.833
c52_73.txt;16952.6;0.282;16932.6;0.189;0.471
c52_74.txt;22495.8;0.214;22493.8;0.167;0.382
c52_75.txt;17909.8;0.261;17905.8;0.164;0.425
c52_76.txt;22717.8;0.234;22717.8;0.164;0.399
c52_77.txt;29226.5;0.229;23991.0;0.277;0.507
c52_78.txt;39760.0;0.269;34639.0;0.31;0.579
c52_79.txt;30097.5;0.3;23361.5;0.303;0.603
c52_80.txt;42771.0;0.228;37495.0;0.223;0.451
c52_81.txt;30357.8;0.33;25210.8;0.232;0.562
c52_82.txt;48942.6;0.274;42235.0;0.274;0.548
c52_83.txt;41782.0;0.221;30799.4;0.245;0.466
c52_84.txt;44027.0;0.28;37939.6;0.301;0.581
c52_85.txt;28188.4;0.222;28188.4;0.138;0.36
c52_86.txt;33967.8;0.241;33966.8;0.165;0.406
c52_87.txt;27742.0;0.223;27621.2;0.152;0.375
c52_88.txt;34841.0;0.277;34623.0;0.135;0.412
c52_89.txt;39574.0;0.239;34315.5;0.235;0.474
c52_90.txt;49106.0;0.323;43552.0;0.243;0.566
c52_91.txt;40698.0;0.255;33536.0;0.27;0.525
c52_92.txt;46170.0;0.303;40086.0;0.197;0.499
c52_93.txt;49850.0;0.278;41061.8;0.228;0.505
c52_94.txt;49250.0;0.282;45447.8;0.239;0.52
c52_95.txt;44831.2;0.273;38135.2;0.249;0.522
c52_96.txt;58075.2;0.263;50357.8;0.284;0.547
c52_97.txt;70543.6;0.403;69770.0;0.194;0.597
c52_98.txt;88370.6;0.378;87238.2;0.305;0.683
c52_99.txt;79190.6;0.406;78113.6;0.178;0.583
c52_100.txt;71166.4;0.43;70212.8;0.255;0.686
c52_101.txt;81538.5;0.362;79718.5;0.218;0.58
c52_102.txt;91729.0;0.356;88462.5;0.19;0.546
c52_103.txt;82216.0;0.268;80757.0;0.161;0.428
c52_104.txt;81737.0;0.516;78664.0;0.364;0.88
c52_105.txt;76685.8;0.33;74869.0;0.286;0.616
c52_106.txt;90922.6;0.344;86501.6;0.241;0.585
c52_107.txt;67157.2;0.326;64972.4;0.232;0.557
c52_108.txt;68544.8;0.401;66727.6;0.302;0.704
