c52_1.txt;9746.2;528.923;9883.2;1.172;9883.2;0.523;9746.2;0.0;276385.0;530.63;1
c52_2.txt;10120.2;3600.001;10235.8;0.712;10181.0;0.595;10077.239;0.004;1485291.0;3601.526;0
c52_3.txt;9334.0;98.236;9442.8;0.644;9404.6;0.455;9334.0;0.0;85964.0;99.347;1
c52_4.txt;10332.0;1198.662;10451.2;0.661;10418.6;0.564;10331.993;0.0;757070.0;1199.899;1
c52_5.txt;11111.5;91.431;11201.0;0.727;11164.5;0.529;11111.497;0.0;81006.0;92.698;1
c52_6.txt;11002.5;3600.001;11112.0;0.737;11112.0;0.605;10919.654;0.008;2286654.0;3601.832;0
c52_7.txt;10249.5;86.491;10327.5;0.665;10268.0;0.411;10249.5;0.0;76219.0;87.578;1
c52_8.txt;10510.0;1634.439;10642.5;0.706;10615.0;0.535;10509.992;0.0;1139764.0;1635.692;1
c52_9.txt;11470.8;424.37;11636.2;0.701;11567.8;0.546;11470.791;0.0;301508.0;425.629;1
c52_10.txt;11561.4;2818.869;11635.4;0.756;11611.2;0.637;11561.39;0.0;2401434.0;2820.274;1
c52_11.txt;11010.6;87.377;11044.4;0.669;11044.4;0.466;11010.6;0.0;72984.0;88.523;1
c52_12.txt;11249.2;839.41;11368.2;0.722;11277.0;0.531;11249.194;0.0;775597.0;840.674;1
c52_13.txt;18284.8;3198.96;18454.4;0.659;18442.4;0.522;18284.787;0.0;1741775.0;3200.153;1
c52_14.txt;14390.2;3600.001;14411.4;0.665;14394.6;0.452;14324.488;0.005;1814766.0;3601.36;0
c52_15.txt;16924.4;367.231;17069.6;0.666;16983.8;0.475;16924.388;0.0;246671.0;368.384;1
c52_16.txt;15733.6;3600.001;16093.2;0.773;15952.8;0.544;15606.151;0.008;1272616.0;3601.726;0
c52_17.txt;18981.0;2185.607;19047.5;0.749;19021.0;0.536;18980.984;0.0;1305139.0;2186.904;1
c52_18.txt;15919.0;3600.001;16046.5;0.71;15959.0;0.48;15706.383;0.013;1623677.0;3601.764;0
c52_19.txt;17503.5;576.663;17704.5;0.75;17617.5;0.502;17503.5;0.0;291302.0;577.925;1
c52_20.txt;18056.0;1242.784;18236.5;0.759;18226.0;0.587;18055.987;0.0;643597.0;1244.143;1
c52_21.txt;19803.0;3600.001;20143.8;0.749;19965.0;0.478;19702.523;0.005;1646184.0;3601.485;0
c52_22.txt;17074.8;3600.001;17078.8;0.755;17074.8;0.503;16789.448;0.017;1541015.0;3601.87;0
c52_23.txt;17395.6;367.303;17436.2;0.652;17395.6;0.425;17395.593;0.0;234420.0;368.392;1
c52_24.txt;16609.8;1151.95;16891.6;0.737;16891.6;0.581;16609.787;0.0;671226.0;1153.28;1
c52_25.txt;51449.2;3600.001;51581.8;0.747;51513.6;0.571;51250.301;0.004;1148963.0;3601.724;0
c52_26.txt;44427.4;3600.001;44799.0;0.655;44652.6;0.564;44269.992;0.004;1576421.0;3601.697;0
c52_27.txt;47569.0;1556.949;47628.0;0.636;47628.0;0.505;47568.962;0.0;640640.0;1558.103;1
c52_28.txt;42479.6;3600.001;42622.2;0.569;42579.2;0.406;42349.231;0.003;1591560.0;3601.455;0
c52_29.txt;50536.0;3600.001;50555.0;0.624;50536.0;0.43;50145.047;0.008;1419465.0;3601.446;0
c52_30.txt;45411.0;3600.001;45826.5;0.778;45721.5;0.525;45189.84;0.005;1721975.0;3601.967;0
c52_31.txt;61787.5;3600.001;61919.5;0.6;61914.5;0.412;61623.92;0.003;1596715.0;3601.473;0
c52_32.txt;41341.5;1261.629;41742.5;0.728;41532.0;0.473;41341.459;0.0;726378.0;1262.841;1
c52_33.txt;52902.6;3600.001;53513.8;0.653;53239.4;0.447;52708.176;0.004;1452281.0;3601.478;0
c52_34.txt;42955.0;3600.001;42955.0;0.722;42955.0;0.372;42815.174;0.003;1840665.0;3601.38;0
c52_35.txt;56869.8;3004.272;56922.2;0.632;56899.8;0.482;56869.745;0.0;1612435.0;3005.397;1
c52_36.txt;40407.4;3600.001;40693.4;0.681;40621.8;0.446;40147.089;0.006;1792669.0;3601.425;0
c52_37.txt;13734.6;62.294;16662.2;0.416;14036.0;0.42;13734.6;0.0;45765.0;63.142;1
c52_38.txt;15433.4;3465.288;17188.2;0.461;15635.6;0.435;15433.386;0.0;2161563.0;3466.197;1
c52_39.txt;12592.6;35.678;14325.0;0.369;13021.8;0.36;12592.6;0.0;35272.0;36.418;1
c52_40.txt;13798.4;91.04;14954.2;0.427;14038.2;0.458;13798.4;0.0;51794.0;91.938;1
c52_41.txt;13337.0;113.039;13420.0;0.575;13420.0;0.427;13336.988;0.0;65712.0;114.054;1
c52_42.txt;16130.5;199.201;16305.5;0.512;16305.5;0.392;16130.5;0.0;119088.0;200.117;1
c52_43.txt;13936.0;19.206;14065.0;0.444;14009.5;0.393;13935.992;0.0;19981.0;20.054;1
c52_44.txt;15675.0;96.348;15758.0;0.549;15758.0;0.442;15675.0;0.0;50946.0;97.352;1
c52_45.txt;14560.2;35.427;14710.8;0.546;14680.2;0.432;14560.2;0.0;30597.0;36.416;1
c52_46.txt;17211.4;173.378;17211.4;0.589;17211.4;0.372;17211.4;0.0;81794.0;174.352;1
c52_47.txt;14815.8;7.15;15238.8;0.562;15094.4;0.391;14815.8;0.0;5030.0;8.114;1
c52_48.txt;17281.4;41.872;17463.4;0.607;17430.0;0.463;17281.4;0.0;26637.0;42.953;1
c52_49.txt;19933.6;2656.003;21295.6;0.492;20833.8;0.463;19933.591;0.0;1155538.0;2656.97;1
c52_50.txt;21818.6;3504.446;23569.0;0.491;22329.4;0.517;21818.581;0.0;1998682.0;3505.467;1
c52_51.txt;22844.2;608.954;26254.0;0.452;25236.6;0.333;22844.178;0.0;337936.0;609.751;1
c52_52.txt;21348.4;3240.089;23002.4;0.491;21745.6;0.451;21348.38;0.0;1124373.0;3241.044;1
c52_53.txt;20286.0;581.101;20643.5;0.667;20466.0;0.474;20285.991;0.0;279576.0;582.253;1
c52_54.txt;22161.5;1505.25;22289.5;0.589;22289.5;0.448;22161.48;0.0;716654.0;1506.3;1
c52_55.txt;20122.5;595.899;20500.5;0.603;20350.5;0.393;20122.482;0.0;276425.0;596.907;1
c52_56.txt;20903.0;2841.901;21195.5;0.611;21192.5;0.498;20902.983;0.0;1322516.0;2843.023;1
c52_57.txt;23839.4;333.859;24768.2;0.573;24517.4;0.486;23839.4;0.0;212399.0;334.929;1
c52_58.txt;23914.4;3600.001;24195.2;0.642;23934.8;0.414;23788.029;0.005;1570150.0;3601.268;0
c52_59.txt;22050.0;1172.285;22462.6;0.646;22344.8;0.448;22049.979;0.0;539395.0;1173.391;1
c52_60.txt;22549.8;448.242;22671.0;0.569;22633.2;0.385;22549.797;0.0;201679.0;449.208;1
c52_61.txt;56409.6;3600.001;57019.8;0.496;56441.0;0.529;55822.49;0.01;1362916.0;3601.616;0
c52_62.txt;45254.4;3600.001;46426.4;0.631;45719.4;0.515;45020.018;0.005;1132136.0;3601.501;0
c52_63.txt;50528.0;983.434;51149.4;0.465;50626.6;0.424;50527.951;0.0;363403.0;984.335;1
c52_64.txt;50240.2;3600.001;52009.0;0.517;50977.6;0.471;50121.353;0.002;1674854.0;3601.279;0
c52_65.txt;62263.0;379.744;62510.5;0.521;62414.0;0.395;62262.946;0.0;206532.0;380.672;1
c52_66.txt;48396.5;603.93;49319.0;0.678;49162.0;0.435;48396.453;0.0;230531.0;605.056;1
c52_67.txt;57859.0;3600.001;58273.0;0.557;58187.5;0.417;57623.938;0.004;1222588.0;3601.233;0
c52_68.txt;46834.0;3600.001;46958.0;0.555;46900.5;0.408;46694.483;0.003;1194244.0;3601.143;0
c52_69.txt;58688.4;3600.001;59064.2;0.654;59015.2;0.432;58122.68;0.01;1060452.0;3601.488;0
c52_70.txt;47579.2;1716.051;48232.4;0.683;47977.2;0.368;47579.159;0.0;610362.0;1717.114;1
c52_71.txt;61125.2;782.143;61527.6;0.542;61320.0;0.378;61125.141;0.0;338096.0;783.075;1
c52_72.txt;48307.4;3600.001;48737.8;0.599;48601.8;0.391;48064.422;0.005;1101813.0;3601.219;0
c52_73.txt;16923.6;0.128;16952.6;0.353;16932.6;0.268;16923.6;0.0;170.0;0.759;1
c52_74.txt;22493.8;0.078;22495.8;0.314;22493.8;0.257;22493.8;0.0;43.0;0.657;1
c52_75.txt;17905.8;0.055;17909.8;0.316;17905.8;0.254;17905.8;0.0;1.0;0.635;1
c52_76.txt;22717.8;0.034;22717.8;0.311;22717.8;0.251;22717.8;0.0;1.0;0.607;1
c52_77.txt;23991.0;1.26;29226.5;0.311;23991.0;0.354;23991.0;0.0;2013.0;1.936;1
c52_78.txt;34086.0;2.571;39760.0;0.377;34639.0;0.425;34086.0;0.0;3056.0;3.383;1
c52_79.txt;23348.5;1.186;30097.5;0.383;23361.5;0.398;23348.5;0.0;1877.0;1.978;1
c52_80.txt;37338.0;2.063;42771.0;0.335;37495.0;0.333;37338.0;0.0;2802.0;2.74;1
c52_81.txt;24822.6;3.584;30357.8;0.407;25210.8;0.346;24822.6;0.0;3144.0;4.346;1
c52_82.txt;41730.6;13.875;48942.6;0.398;42235.0;0.39;41730.6;0.0;14004.0;14.673;1
c52_83.txt;29855.0;2.157;41782.0;0.303;30799.4;0.355;29855.0;0.0;2888.0;2.825;1
c52_84.txt;37450.6;7.496;44027.0;0.337;37939.6;0.416;37450.6;0.0;7985.0;8.26;1
c52_85.txt;28188.4;0.831;28188.4;0.326;28188.4;0.231;28188.4;0.0;1936.0;1.397;1
c52_86.txt;33886.8;0.825;33967.8;0.341;33966.8;0.26;33886.791;0.0;2443.0;1.436;1
c52_87.txt;27593.8;1.046;27742.0;0.339;27621.2;0.256;27593.8;0.0;3632.0;1.651;1
c52_88.txt;34623.0;0.304;34841.0;0.334;34623.0;0.237;34623.0;0.0;741.0;0.886;1
c52_89.txt;33824.0;10.152;39574.0;0.329;34315.5;0.343;33824.0;0.0;14387.0;10.834;1
c52_90.txt;42633.0;47.537;49106.0;0.414;43552.0;0.343;42633.0;0.0;29923.0;48.306;1
c52_91.txt;33227.0;5.202;40698.0;0.387;33536.0;0.353;33227.0;0.0;6285.0;5.952;1
c52_92.txt;38966.0;35.482;46170.0;0.415;40086.0;0.302;38966.0;0.0;19713.0;36.21;1
c52_93.txt;39465.0;32.268;49850.0;0.386;41061.8;0.341;39465.0;0.0;23050.0;33.006;1
c52_94.txt;45048.8;95.988;49250.0;0.352;45447.8;0.349;45048.8;0.0;49716.0;96.701;1
c52_95.txt;35905.0;24.749;44831.2;0.396;38135.2;0.364;35905.0;0.0;18976.0;25.52;1
c52_96.txt;49514.4;40.492;58075.2;0.338;50357.8;0.385;49514.4;0.0;33193.0;41.226;1
c52_97.txt;66347.4;97.107;70543.6;0.49;69770.0;0.305;66347.342;0.0;58109.0;97.913;1
c52_98.txt;83477.0;3600.001;88370.6;0.459;87238.2;0.419;82904.018;0.007;1811034.0;3601.698;0
c52_99.txt;74427.2;3600.001;79190.6;0.47;78113.6;0.287;74208.38;0.003;2119945.0;3601.291;0
c52_100.txt;66631.0;3600.001;71166.4;0.536;70212.8;0.328;66587.192;0.001;2194967.0;3600.923;0
c52_101.txt;72793.5;3600.001;81538.5;0.453;79718.5;0.32;72103.001;0.009;1448897.0;3601.405;0
c52_102.txt;81358.0;3600.001;91729.0;0.446;88462.5;0.284;81190.541;0.002;1974895.0;3600.971;0
c52_103.txt;72009.0;614.718;82216.0;0.371;80757.0;0.26;72008.937;0.0;284290.0;615.361;1
c52_104.txt;72897.5;2941.263;81737.0;0.652;78664.0;0.485;72897.434;0.0;2027279.0;2942.412;1
c52_105.txt;70650.6;188.641;76685.8;0.434;74869.0;0.4;70650.547;0.0;117774.0;189.486;1
c52_106.txt;83134.4;3600.001;90922.6;0.428;86501.6;0.347;82540.711;0.007;1728245.0;3601.497;0
c52_107.txt;63700.8;166.599;67157.2;0.387;64972.4;0.333;63700.8;0.0;80190.0;167.33;1
c52_108.txt;66727.6;183.33;68544.8;0.471;66727.6;0.33;66727.545;0.0;97999.0;184.142;1
